-921
808
-194
244
-941
405
783
-998
673
1734
-971
1773
1905
-1755
-1040
-1818
462
342
1745
1975
-1608
-819
-1554
1615
-1779
-1353
314
-1457
1567
992
-68
827
-1261
1111
46
-1167
-247
-943
815
1932
378
-1253
-1148
253
1195
522
1417
20
1315
-1074
827
1212
-1738
1387
1616
-1505
-1862
-271
1569
-324
90
97
754
-797
-1783
510
-315
250
-1070
-416
1824
-926
266
-799
1653
-21
1853
-1064
-1238
-911
1348
1444
-466
-713
1101
607
1717
-602
-936
-778
-2000
-1488
-626
98
809
989
504
-434
-519
-227
-10
-693
-465
-1891
-119
1344
1017
1309
-374
-75
864
1228
1583
1623
702
-1322
-1198
1651
1824
64
-1871
1379
1611
-282
-807
-1991
-137
-832
-337
-1367
-1586
-1546
-1671
-1781
366
129
-17
-555
37
-1919
-720
1658
-1151
-1326
-236
1419
-1790
-1645
-678
-733
775
-328
1567
671
-728
1496
-20
87
-1892
-386
-111
-1934
967
-1111
803
-1580
1261
1102
1261
-1205
1912
1584
-1668
575
-1810
744
621
-1685
-946
-1110
1574
1837
1377
278
712
1797
1050
768
-616
-1603
1402
283
-1867
-942
988
-1597
-569
-515
-855
-580
223
1487
-1831
1157
-194
471
508
1409
303
601
1953
-211
919
-1735
1312
1560
-1618
-345
600
1106
-764
1651
265
-1481
-1684
1050
-1640
-1925
-691
-943
-205
254
-144
1875
1212
-27
-1641
1063
1117
-724
791
-519
-448
62
647
-904
1272
-505
896
-503
342
-598
-1140
-992
-1823
1227
561
-1188
-1577
1743
-1019
1079
49
1265
-1436
190
532
-1524
1905
879
1917
-787
-1187
-583
1487
-170
1028
-1340
-755
-764
1677
-805
-1460
1457
-1665
1557
1132
1269
672
-795
1830
-815
207
-1206
-801
-1604
70
1808
572
-1987
-651
1751
1978
-1372
-1711
-905
-262
1864
-1240
-1223
-19
-956
-963
1254
-103
348
594
-10
1179
-170
1027
-1663
-1060
1992
-1845
527
705
825
-526
-1017
-1720
626
849
1560
-576
528
-1489
-167
108
717
1593
-1603
-218
-1795
-150
-21
-400
-903
-1931
-82
-1944
1466
806
917
-1420
-1944
-752
1927
-978
-518
1298
-236
-1194
1331
-1051
1597
-1987
189
1259
1062
1881
890
-34
-1169
538
-1627
-585
1933
-666
-1955
-311
1173
1790
-79
407
-1750
-847
727
1478
1046
-539
1380
1493
759
-1066
-1555
-1071
1739
1593
329
-1447
-1754
714
-360
-1382
-708
-1103
282
259
-345
821
-1735
-1318
-562
92
-1365
-1020
1229
1168
1512
-57
-559
128
1668
-1819
-1727
-981
-1453
-836
-1862
-1141
602
1835
834
-7
421
-1298
-1289
-729
737
-328
-906
-1033
-952
-1775
-782
-386
354
677
781
491
578
-1082
100
422
-1965
1097
-754
-1373
-393
1692
-918
-1120
1476
-1838
400
-1097
689
1672
762
1682
-187
252
779
1296
-655
-627
-85
1818
152
-75
588
-727
255
-7
270
1421
1795
503
-767
-439
1928
-363
1799
-1921
-1039
-430
-1409
-1309
-733
-137
-437
-85
759
-254
-1043
1010
537
770
-1393
1829
557
524
854
1608
-552
70
1845
-195
1279
-1821
1572
-805
-397
558
321
1431
-1856
-522
-1872
-1509
-1348
-394
1920
-1953
-1873
-463
644
-1463
274
-218
951
-775
73
808
1296
-360
337
-905
-1549
-1783
773
1968
-283
-1107
-332
-613
-121
-910
1838
94
-1533
-419
1829
-251
574
-1680
-897
707
1955
1836
-112
-476
584
-1694
-938
-1519
122
-776
1297
-988
-187
-652
820
821
-1783
-1944
-1264
-1753
-495
1347
-291
732
1832
853
-1383
593
-144
533
1779
-1443
-644
349
-607
-1587
437
-1737
565
1166
-767
420
-128
53
-152
-346
958
845
-1150
1628
-1271
-450
-211
1000
-187
-792
1257
-194
-185
-1186
527
1377
-61
133
-1315
-1665
1543
-234
-1317
-456
694
-1185
-216
-1775
225
-394
-1494
-1636
1509
1918
1216
312
-1307
-1434
1862
-1079
-1529
-578
1324
1600
-491
1486
-222
1959
1561
1041
-1665
1703
326
-1766
-146
-672
-760
-1222
-1651
-842
-149
29
-481
-1312
-1485
-1582
543
-1774
-251
-329
724
-1287
1597
-718
1800
1528
1319
1126
253
-1920
1243
1630
380
73
1954
1372
-958
697
-982
-1904
-649
521
-1441
-167
1862
1701
1469
-112
1759
30
1655
695
-1336
977
840
1182
1003
1207
194
842
994
-1056
-168
-959
-1960
-1582
-1078
-13
1495