6737
9459
4896
9384
2609
3444
1005
5374
9670
7796
9759
7507
8547
3963
9757
1242
2038
6424
9961
1429
2807
9502
1190
6447
1221
7425
3354
7525
2121
4556
5071
4415
1385
9901
2353
2384
1062
5741
4833
2498
1574
2787
8192
9671
8989
9106
1086
9296
8012
7187
8120
1987
2936
2975
4743
8677
4705
1366
3126
7541
1808
1200
9170
4754
2658
7636
4380
2146
2323
7848
5363
4995
2286
1188
3258
8361
5603
9980
9084
9693
4552
7085
1275
9504
6074
3826
4064
9613
4131
3570
1630
6416
7500
4898
6589
9623
5700
2542
3064
3858
1795
9116
4157
7467
1710
4984
8076
8531
5716
2187
1700
7225
3434
9571
5032
4793
3138
3557
2909
3491
1220
9380
1360
3508
8207
2903
4111
8816
6240
2315
2828
2641
1234
8039
4622
8220
5290
8834
3884
8167
8813
5893
2515
9668
5077
6186
1028
7641
7631
6649
4531
4447
7479
5622
4738
7986
3088
8316
1735
2295
6025
2078
3768
7316
3648
5906
7405
4300
4921
6349
6825
8081
5522
2602
1900
2315
7411
6311
9200
8328
3724
2862
9662
6995
9620
7700
8440
1931
5254
4191
9078
1012
9645
3323
6247
7729
7608
5316
3899
9201
4378
1414
7271
9221
8977
1798
1556
2471
7757
8257
8643
6552
9593
5355
8701
2092
5777
9738
4640
9638
7306
4924
7925
1099
8687
9651
5232
5276
6771
1104
7108
2642
7581
6434
7708
8484
6298
9471
7086
3433
8397
2175
4428
4003
1347
2871
8507
1112
2967
9431
4744
8323
2961
2483
4808
5215
1889
4529
4149
2748
8618
7246
1874
1112
6699
7824
8109
1892
4019
9742
1688
2226
1824
8356
5699
6143
4941
2247
2871
7789
8928
9689
3639
9464
6605
9037
4719
2077
2154
9924
6287
1931
4923
1003
2136
8182
7515
2973
2726
5717
5549
5259
5342
8012
4561
8101
9717
3161
9953
9305
5546
5887
1934
1575
1693
2304
7823
2052
7713
4942
4072
9653
3429
6645
2407
6022
2181
1611
2365
9984
2159
5416
2943
5612
4675
9956
2930
6652
1522
2997
4958
1406
4721
4157
9028
5470
6910
7664
3617
9413
8467
8990
8728
1134
4434
7986
3482
4638
7756
4654
9019
7457
8281
3416
5919
3442
8313
4996
4869
6136
4915
9045
3692
8565
7916
3896
8329
8069
1612
8499
4565
3043
4458
8826
9532
9931
9036
2031
8033
8500
1754
3004
9488
2326
4016
5545
2561
7863
5835
7053
9517
8579
4079
6299
8631
3001
4048
5831
5773
8267
2345
5130
7806
1233
9079
3928
3403
8577
9450
3256
1034
1297
9571
8416
5697
2166
4275
8931
8501
3465
4823
8699
1329
7907
7244
8760
1753
1882
5057
7204
5975
1490
3843
6880
2458
3522
7546
9662
4285
5427
6516
5804
4605
6011
1012
1348
8644
7330
5572
1802
6000
7926
6227
4800
3756
8922
1526
8687
7186
5141
3381
