6885
3971
5254
9946
4258
7929
4495
5087
2743
3338
8486
1342
7165
3230
2570
2581
9343
6819
3156
4552
5448
2424
2641
9476
5025
2697
5898
2427
3258
4473
3181
5099
4599
4754
5352
5260
7636
9277
2386
7518
2059
6944
3839
4022
1283
1794
7121
9254
4812
2056
9491
8509
9096
6965
4741
8623
6672
2552
1106
2066
6400
8266
5232
6613
1914
7341
7625
5845
5693
2954
4032
7035
7673
3760
7154
7200
7162
5910
4608
7327
8837
9906
9247
6405
6572
1457
7389
3160
8045
7862
4149
3106
5639
1917
2202
6979
6582
3518
3157
2060
4579
5207
4252
1698
8585
5821
4566
7105
7665
5151
9585
4381
6399
7424
5711
1888
2920
9904
4066
4546
3417
8524
1608
7437
9257
5401
7729
4922
9533
1548
7253
2073
8927
5292
9683
7033
8670
5817
2845
9742
8712
1107
3975
5954
2650
4379
6593
6082
3554
2334
1368
1342
4796
5945
9960
5647
3017
3555
5114
7143
5796
3043
3775
1934
6997
1871
1191
4477
2118
9877
5764
3334
5421
3812
7188
8727
4170
2304
3973
6078
1662
6942
1132
6030
4229
1313
7509
9464
1753
1109
2680
7120
6067
3798
6148
3118
8713
6686
8888
5977
7520
4039
1962
9459
2498
2450
2049
1263
5199
1141
3234
1854
8529
2819
4879
9521
9810
5883
2290
4795
5677
2815
6605
7931
5903
9067
3040
2309
5313
7612
3099
4344
2344
6510
1697
8171
5419
7413
6876
9762
4448
4174
4238
6346
9535
8130
3322
1996
1688
3018
3071
2032
2499
9037
5821
9825
8313
6922
1984
3575
4612
5733
1217
1120
2924
7329
7192
2884
7208
7348
9561
6533
5197
6174
2304
4387
5717
5468
1706
7643
3576
5528
6536
5869
8264
9289
3866
9618
5961
8370
6270
8770
5557
5023
8386
5282
3034
8835
8681
7676
6627
7960
7581
8757
9786
2034
5098
2914
6771
6055
9716
1958
4314
9681
1973
7434
9433
9878
3676
1729
7658
6649
8473
6881
8033
9875
7320
3859
2270
3446
6915
4233
9205
3802
3879
6108
7850
8019
1991
9568
7209
5240
3832
6998
1614
4441
4755
3369
1329
4995
2437
1594
8121
6086
5585
4373
2591
9957
9531
5703
7784
7915
4259
7560
9983
2039
5121
7862
4080
7732
3735
6137
9798
1718
9296
6573
4876
7164
6518
8027
2215
3461
3814
5640
9194
5607
3210
5621
8739
1693
9332
7110
2778
9741
8693
6759
8133
8801
7511
1074
1381
6073
7178
9258
1966
2037
5284
1857
8167
7395
4927
3683
7668
6551
3305
4495
1902
9681
3650
6622
4410
6903
8947
3118
9085
6753
7561
7660
4326
3841
3254
7368
5383
7800
8447
5589
3929
4474
7014
9975
6634
1673
7566
1515
3032
2627
5749
9571
1936
6041
7533
9837
8120
4408
3363
4073
4135
4250
1586
2872
7634
8105
9099
8083
9424
6865
4983
3466
6327
5408
1825
4009
7268
5299
1464
9053
3785
1614
1501
8947
1808
8865
9191
9092
4826
7848
4463
7054
1372
3675
6106
7191
2116
2033
6457
3165
5658
2159
8488
2670
1930
3005
5169
7041
7869
3570
9690
4512
2110
6766
7491
3286
7158
7077
4321
5064
5123
2429
7938
7360
9853
3832
1469
1909
6736
9496
2683
8113
6349
4364
8614
9723
1322
1842
9232
4062
7072
7970
2771
3111
2964
6806
6817
2299
1276
6027
9210
7717
1864
6882
1600
8479
5423
4667
9712
6533
8849
4433
9737
7268
2315
4631
6269
3013
9586
9592
1318
2755
3537
9928
6951
8101
7403
4732
2684
9991
4073
4688
4093
4066
3245
6321
2278
4567
8790
2348
7960
8881
3943
1666
7740
6562
2349
6665
3798
3103
8829
9709
5582
9942
2884
3541
4022
6324
1353
4131
3070
7464
2466
2076
6693
3696
4866
5658
9682
9371
2148
7973
1432
4438
4279
3525
1097
5801
7775
8425
2217
5958
1729
7618
7986
7894
6980
6099
9345
2260
4278
8554
7672
7828
1195
2779
5091
1412
6719
1234
8231
8219
5685
3974
7783
6956
5215
1438
7805
1900
2776
5055
5195
9510
7182
6655
2174
5140
5337
6022
4050
1601
2677
7236
3124
8300
3177
7815
8582
8892
6192
2512
8117
3132
5653
9750
3777
2578
8716
4316
5178
7443
1203
6643
4987
2917
9941
4477
4462
9412
4014
4086
8469
8679
2342
8343
4323
5152
3596
7661
8969
5222
7186
3628
9359
8422
1073
4980
7100
9459
5686
7115
4771
2939
9923
1838
6705
8940
9756
4022
3120
2248
4424
8793
2101
6255
1270
5771
2597
4338
7930
3541
2188
7147
5456
7605
4883
9924
9254
2886
6235
6987
2574
9222
4880
5057
6768
3192
8351
6279
6080
8010
9485
8460
1021
9608
9607
2064
7393
7339
5878
6706
6098
3882
8319
6020
9944
6431
7561
8460
1968
3938
4142
2110
3757
5184
4104
1223
6773
5390
3946
2347
7546
6524
4270
2097
4335
1437
1562
9787
3674
2392
3886
5787
9514
6746
4762
2434
8022
3145
6504
4842
4322
6916
5233
8228
5928
1233
7504
3449
3610
7128
3849
7939
4853
1023
9677
8059
8744
5006
6804
4182
8476
6555
9765
7729
8447
2111
1481
2827
8856
4039
3103
8848
2447
1407
2693
3771
5929
2966
5902
8230
6486
5573
9242
2955
7132
5478
7047
9494
1617
8487
3730
4547
9560
5582
4762
5593
6536
7848
4039
6369
9015
1772
3005
8823
7934
4482
4341
4860
6055
2915
6794
1523
8924
5674
9441
7642
5385
8330
2533
6334
6961
3617
4486
6697
8904
5214
6325
3237
6861
7956
3134
3700
7155
3101
5980
9638
5522
9472
3160
1262
3138
2322
7239
7915
2928
7976
3005
5570
4187
5871
1803
6386
7757
7333
1793
8076
5079
3130
2056
5658
1936
7655
6324
3738
6356
5714
8818
3299
1969
9066
2267
6586
1303
3609
5307
4320
8465
1056
8988
5185
2406
2007
3651
8032
3825
7276
5641
5009
2146
2661
1589
3975
5175
6472
7564
4303
9280
1302
4793
5543
2013
2643
4531
2389
7323
4747
1054
1216
1781
5012
7252
2716
1383
4134
5695
8883
9351
5028
6345
2796
3313
4381
5315
7508
3677
1285
8732
4105
1094
1686
6856
4161
4219
4223
3701
5388
6965
1584
5321
5865
4266
1098
5497
3382
6371
2533
5322
3651
7770
9792
4971
4133
1344
9258
6490
2553
4782
3647
2001
8052
6842
5839
2881
6605
4847
2393
5722
1478
1863
4110
7628
9148
3105
2958
6202
7682
5105
9650
3344
4652
8125
2445
4297
6890
1433
7196
4808
3077
1722
2572
9906
7549
9242
1862
4137
9475
6885
9609
8421
7883
6756
5310
8402
4782
9454
7087
5073
1156
5584
3347
7110
4289
1751
7671
5554
5512
6850
6830
5198
4858
5258
4792
2621
7662
4622
9794
5705
4490
9744
5130
1491
4249
2814
1611
6973
3417
2116
1457
9455
3700
3642
9081
7280
5729
1639
9797
8296
2731
3741
7935
6943
2202
4079
6141
3159
8367
9558
8511
9524
6703
8980
8529
9802
7524
5416
6366
9470
9022
5812
3433
1424
1762
2796
6146
3530
2778
4484
4078
5879
6993
1240
9829
8702
9405
2974
9575
2038
7325
2057
7364
7392
6237
2417
4683
5339
6862
7067
2663
4825
6191
7544
8932
1417
6485
7778
5032
5994
7251
2007
4832
2505
3956
3239
4923
9766
3075
3112
8715
8185
4885
6780
4127
1553
1904
6380
3284
1202
4248
2582
1694
1267
4495
6226
7411
5815
9551
1406
8839
5826
1326
2523
9336
7830
2404
6790
8617
9613
6258
4602
3974
1168
9455
7543
2736
4177
4036
1082
3587
3405
9747
4628
4502
7654
2999
8469
5892
5026
2955
3122
7998
3961
7693
3264
1707
9340
6688
3900
2045
2722
7458
4946
2817
1450
5607
2456
8946
2573
3210
5042
2977
2435
2069
3788
7958
3210
3483
1104
8365
3718
3636
3690
8041
8930
6089
6252
7944
1020
7629
8765
6453
6064
8949
4786
6515
6402
1175
8169
6604
8656
9459
1956
1777
1134
5488
4894
7131
8867
2565
6255
3683
9182
9984
9244
2292
9776
8077
6551
2231
2777
5081
9256
7838
7784
3014
3531
2413
8970
7452
9370
2415
2910
9116
4801
3050
8703
5406
1134
1804
1178
5616
3897
5229
8449
2583
6955
2978
7075
5746
2734
5535
7128
4120
7825
3233
2653
6155
2353
5226
8716
8393
8641
7715
5809
1102
6429
7457
6902
5627
3419
5731
8223
1696
4560
2509
6146
4959
8333
3602
4198
5380
8241
5221
4546
1288
1305
7348
2078
3772
2660
6788
6246
3910
8887
2188
9342
4385
5466
9165
5947
7032
9511
7270
2471
4501
2921
3563
1761
2273
1234
6814
7487
5283
7235
1339
2588
2997
5022
5993
6549
4680
1981
2784
8322
5558
5182
6874
9466
5481
2017
6430
6864
6934
1433
9654
1532
4127
9901
5739
7187
4213
4015
8380
8882
3888
2927
4510
3312
4756
1812
6439
1449
1231
8511
6493
9755
8123
3477
5290
5821
2313
5921
4194
4339
8531
1450
9767
2646
4191
8457
1615
6515
9498
2002
9638
5693
5491
3138
6917
3917
1591
2694
8782
5332
9558
4440
6478
4169
4347
6370
1544
9710
3381
4655
9591
9016
6228
7900
5228
1316
7641
7695
4377
9845
4965
1687
2791
7807
2758
6912
3933
4553
4725
1572
8275
1512
5239
2601
1969
7424
1929
9601
4459
5241
8686
3974
1243
1999
6876
6143
5049
8190
6785
7079
3357
6144
6468
9201
5408
7346
7180
2652
5591
6631
2184
6248
1195
3267
3733
9793
2912
6362
7193
2186
1263
7855
4527
5240
1584
2450
3984
3942
9359
1155
8963
4371
1699
8960
4789
9424
1697
5828
1826
7338
7571
9688
9247
3186
2875
5266
3604
3825
7233
3162
7950
9853
7568
1510
8335
2579
9179
8614
3382
5410
6773
1319
4559
6163
7005
9744
2490
9492
4594
9838
4302
8100
1294
2993
4934
2569
6480
8459
7465
7878
8094
4803
3275
8300
2313
7048
3437
1513
2002
7942
4270
9804
8494
5779
8092
5258
1950
5225
1846
8125
4480
3000
8832
8448
2154
1022
6683
5319
8793
4776
6448
7154
6036
8154
1247
7950
7519
2026
9750
7462
6911
4692
1915
2852
4486
8207
3349
5200
4804
3559
3839
7559
6457
3548
6965
6423
3400
4085
4134
8810
4729
7944
3467
8808
4844
9980
4035
6594
4630
5903
8869
1805
2964
9163
7518
6136
3882
8117
3906
5141
1375
8462
8479
1194
8815
9230
6163
6302
8911
6747
7108
1721
8442
3120
6276
4235
8303
4745
5689
8903
6362
7649
7264
1269
2079
4335
5369
5430
9765
4795
7090
5401
6630
8551
7370
5769
4324
2305
9226
1300
9115
5737
7769
1856
5584
4780
6977
1165
9378
7888
5712
2901
8015
3280
4758
3870
8747
6789
2854
4140
7397
4225
3345
9824
4034
3871
2915
6706
2544
8023
9448
1453
1967
3601
2078
8102
3988
7278
4900
5411
7660
5688
6527
8864
5677
9684
5579
6741
9644
7810
7872
1664
5801
5612
3775
8806
6468
4898
5714
1591
5619
1102
6000
9455
9775
6353
5746
8919
2008
9930
8222
8396
8673
4162
4490
6019
2149
7282
8179
1072
2333
7462
2909
7974
8598
6120
6641
2187
1889
4777
1155
1247
3176
6072
5231
4965
5252
3970
4582
4283
6807
9658
1076
7895
4626
6755
4093
7050
4928
3092
9915
6295
6686
5899
5780
8586
4207
6459
6869
6204
3709
8836
9502
3326
1096
5234
8314
8387
1501
9189
2021
9126
9924
3498
9698
1467
6423
5568
4737
3416
7757
7765
5085
1670
7290
9873
8896
8718
4443
8984
2126
7286
8881
8438
7657
1655
8701
8261
4012
9911
5238
2936
1707
4611
1849
3101
7540
6709
4311
1241
6195
5214
1916
4474
8788
7819
3692
7060
2351
7015
5311
2061
9998
7539
2448
3162
2410
1295
4915
4470
8534
6040
5789
4032
3622
2397
6687
1900
8264
1963
1845
9661
2649
7045
8514
8544
5311
7311
4504
8418
6171
7693
5184
4743
6466
2921
1581
2318
6656
6127
3308
8433
5561
3837
5242
1449
1953
9253
1537
6459
9832
5687
7585
6635
6953
1737
6741
7979
3789
3524
7606
5783
4362
4029
7282
6259
2022
7449
3350
4181
5067
2089
2188
8034
3620
8322
8930
9395
3963
2727
3899
2386
3851
6768
7792
7422
1573
2600
5894
5678
3404
1585
8537
5569
8149
7673
1558
1635
6294
7783
1393
8669
2371
6834
8208
7167
9604
4328
8640
6004
8740
5364
5513
4294
7348
6425
9115
2615
8826
3964
2397
9185
5622
4934
2763
4246
7066
7052
2118
7912
3033
3698
9830
3283
9342
2334
9929
8829
1676
9882
4681
4587
7660
1713
8219
3860
8106
2288
9379
2279
2013
2464
6309
1337
4587
3943
5571
5693
4252
5113
3785
2211
5531
3470
7425
6228
5633
4590
8341
2348
3460
4006
8260
9560
7335
6819
4922
1925
7677
7272
1990
4829
8531
8229
3956
2894
4786
6789
2218
7763
5671
2374
8102
2267
2104
5416
8870
8423
1548
4362
7185
8746
1506
9374
7816
3289
8674
6575
8116
3702
5467
3477
8569
8908
1744
7552
5820
1043
9892
2008
2037
5780
3485
6315
7507
9242
8413
5112
2716
7802
9172
4056
1972
9966
4937
1101
3417
3716
3537
8289
9087
3943
3752
2125
3418
3118
8338
5155
2995
2268
1614
5255
4402
5887
2358
6781
5416
3013
4679
3054
7685
3198
4541
2512
3382
1545
1966
8902
1131
5050
6086
7927
5842
7365
2730
2019
7567
6690
2428
4971
9626
3761
9642
9477
3530
2976
9209
3006
5052
3124
2726
9172
1394
6340
8516
1885
1861
5761
2886
9257
1164
2899
3047
6143
3387
8521
8119
3256
7664
7756
5897
4881
9382
5877
1779
1952
7140
9302
3585
5238
1443
2152
3024
8738
6276
5909
1374
1693
1384
2368
6924
5020
6120
4652
9295
2374
1861
7489
3490
7527
4005
1880
9411
4491
8210
9395
9272
1647
8832
6450
3033
8821
7796
8116
7514
7147
6879
3922
4438
6472
5849
4139
8071
4034
7067
1493
9844
6896
6951
3180
2625
4020
9793
1240
9009
5699
4600
7007
2084
3700
6332
5799
9079
8110
2870
4486
2605
5499
2093
6757
4603
5376
3736
2678
3811
2014
9187
6643
9418
4749
6414
9101
3201
1462
8235
5537
1257
5184
9716
8164
7269
1854
1703
4919
3072
7244
8484
6949
5770
5795
1269
3313
7806
6412
4073
8482
1707
8948
4987
3129
8462
3473
5682
7334
7944
5178
6431
9176
5721
3232
5879
3573
4917
9657
4091
6986
6322
2216
3699
4826
8803
8022
3395
7432
2265
6679
1329
5981
3184
9514
6823
6424
7333
6893
5404
9006
7966
6661
6030
7462
2363
6525
3845
4690
5185
9210
4571
3339
9601
4340
5428
8983
8043
7315
3379
9572
4050
4765
9390
4435
7108
6662
1730
9266
7550
5153
4066
3912
1374
6750
5635
2311
9053
4295
9097
2225
8698
6275
3163
8894
2048
2449
4030
7579
8129
6706
6739
6846
6352
7665
1681
9791
2155
8682
9426
2541
2284
6623
8649
5940
9315
6585
4121
6990
6856
4920
8272
8814
3660
4732
3681
9465
5479
7651
9255
4368
5625
3443
4211
9514
1954
6716
4445
8571
2484
4994
5841
4499
8830
5659
8931
7553
8967
9959
5113
3656
4592
1519
8091
2884
4158
6988
3251
3703
6322
6760
2293
8331
6888
4954
3066
9044
2622
7977
6789
6629
3041
1637
4007
7490
6717
6102
2846
5476
5810
5881
3299
2899
4307
5794
4661
2514
8741
9003
3080
6444
4678
6863
2000
5339
4758
3140
7916
5349
9941
2539
4847
5161
3026
2331
8343
8138
1322
8580
9949
9220
1356
1214
8496
8645
6948
2324
4702
3920
4847
8830
9934
4112
8786
2342
5959
8864
8040
3737
7663
4875
5459
6004
7783
7890
4953
3340
7311
8307
5536
7494
7900
7259
4622
9105
5416
3600
4430
6215
9935
7313
1016
1210
1042
3549
1491
2678
4800
2439
6358
4289
6398
4449
3881
1886
2553
1262
7865
5733
4951
1835
6227
4482
5593
1291
1818
9329
6626
9173
9714
6215
8754
5794
7313
8927
2691
9640
1168
7515
3137
2734
2172
5996
4692
8238
6752
8444
2612
3523
8420
5502
9273
7601
4431
1649
1569
2579
2941
3388
8594
2544
6679
8828
6296
5868
5953
2086
4914
5004
9953
1366
9403
4193
5888
3507
9920
8516
2229
7920
1711
3848
3995
2284
5736
2019
3690
7924
5754
3972
6054
7188
2068
8095
3092
1995
4024
1780
2051
2047
8886
3855
6776
7211
3368
7804
6562
7077
6672
4366
6086
8393
4041
6858
9151
4317
2130
1110
8689
7614
9839
9422
9293
6747
4395
7944
8827
6046
1857
2848
4812
1104
5908
4097
9550
3094
5309
5247
6716
5910
9061
3472
7969
4359
4710
9884
6284
7700
1109
5142
2098
6821
2573
3375
9771
4261
2221
7312
9315
2355
9105
4969
7939
7711
3195
7684
5189
3802
4984
3566
2533
2637
6753
5770
8242
8849
6145
5359
7153
2558
8201
8598
7998
7016
3638
2533
7776
5584
5288
3793
6674
4466
5297
3950
9149
3144
7378
2970
7944
6460
9597
6373
2767
1092
5425
7092
8846
9392
7372
7354
4871
4789
8595
9283
9277
2538
7580
4014
9199
5954
4758
7297
6094
5032
3345
8295
7393
1986
7435
3707
2221
9043
9459
5217
9014
7609
6658
6480
8868
3247
6746
6882
9541
1436
7616
8043
7296
2265
1946
3556
3065
7508
9721
2966
6001
8167
8649
8118
4458
5108
3976
9994
7719
1079
3626
9696
4775
8009
3492
8001
7287
7627
8305
6292
6453
6942
6733
9831
4220
7366
3141
9517
3676
2840
8191
8650
5555
6962
8147
8603
9239
6637
3096
9726
1791
2759
9469
8313
7056
7605
1272
3003
1169
1062
3591
7845
4860
5167
7794
2077
6387
5669
9142
9762
4022
6695
9839
2287
7800
2908
5782
3883
9919
1687
7542
7357
6610
6410
3674
6942
5973
2453
3160
6109
9410
8416
6085
2115
2609
1393
1357
9976
3951
9661
9100
7355
9811
2056
2410
8526
4566
5658
3193
3259
6955
6156
9873
1129
4629
7924
4099
3458
7956
1632
6564
7339
3917
3544
5277
2117
1620
5479
2781
8944
6512
8196
4631
2062
9463
9406
7086
2921
5287
9708
8093
8664
3366
2652
4424
8321
8515
1955
8439
4707
8232
4345
6771
5899
8886
2740
5671
1667
4930
6173
6202
4562
3634
2255
1751
4056
9061
7101
5930
8696
7833
2603
8638
2103
7854
4768
1030
1081
4822
4009
3676
1608
3900
4934
1086
4645
6176
6302
8440
7402
6376