68283
90412
27915
25894
69022
12526
70984
88057
24653
53138
74782
91668
29447
64633
69506
77279
77082
82169
24116
43829
86594
45143
41019
16939
95358
48199
90165
80325
48254
66953
10064
26525
76747
50862
58941
64405
33140
74325
89160
78516
46928
13517
37032
78494
13341
45439
78425
94588
11992
51173
38329
59552
47424
95532
72672
44086
64326
15535
39909
61109
86633
67291
37967
88334
90980
88871
75717
21113
50860
36004
76285
33510
81969
83858
81902
86829
47367
96810
31607
13203
86286
54105
60165
96710
94462
22233
52020
12291
65725
63886
18600
85166
54092
90895
53956
92855
39461
67665
94218
88932
38638
44858
41104
86891
62943
68039
29455
62357
90309
78355
47913
92102
37188
74408
26962
79152
50046
76566
27453
71983
61114
69201
40608
81817
21389
37585
32658
67456
73901
65218
37481
35645
28426
20550
34711
60671
12600
24177
65802
82957
48163
42669
96053
42546
20354
53889
21211
24230
99452
38462
74597
95818
71953
79769
97228
68818
57640
33709
50226
95292
98980
63675
12539
96037
64849
47768
36861
66152
20493
18638
62626
76948
36788
91215
64572
92374
22025
11727
41596
85182
85117
44225
13475
23653
79413
68176
82208
92911
29030
52304
34767
14993
21777
20740
43565
23825
72201
74019
91925
50081
33251
52367
38870
23572
93062
85586
53031
80431
66553
13273
57208
38927
10326
26001
23562
46413
52032
83288
62042
38779
23086
51907
16044
50672
56973
66498
46965
18975
94797
86421
48465
90746
53903
38392
70723
40811
95172
67293
79733
42344
50577
68987
82785
53901
56646
57943
22639
69400
19837
83244
82736
95933
54360
67585
82333
40412
33749
53939
11455
11629
28274
74217
86779
61603
23861
81700
86722
53896
24048
25849
26159
26699
92164
62949
25003
72886
66394
71290
72754
99185
27630
87774
14820
37018
88185
33895
74770
30448
58982
10734
98280
73905
74504
56289
24073
53744
13390
80285
80400
22930
17113
20036
85868
26274
62756
97998
91987
57535
29212
68961
59561
81727
18067
82013
71186
66321
56173
68459
34001
35025
69899
34555
83413
23334
61527
18810
87307
62182
68561
37782
18607
32727
18001
84229
44507
31823
50468
53592
58082
62309
63149
91001
33762
19983
16141
20195
54107
95994
90458
20188
54121
64431
18478
25313
71603
30948
52919
19552
50597
33336
11005
20845
23182
43177
73560
40178
61363
34623
57518
49059
90037
25131
54089
71004
71421
36169
80591
20406
37495
65687
63468
19408
10380
27950
31497
53404
84033
76949
24638
45405
44104
80039
27396
75587
13032
49795
61676
94182
55732
20725
83021
63048
60509
81264
20733
45668
57959
32806
67043
10365
22264
14342
85093
21743
74024
30283
99214
82148
91505
37425
19049
17600
15091
65645
24431
20996
50804
29536
79464
22527
79336
46716
73609
47122
34853
47491
85254
92153
83391
13712
63201
75630
40048
49833
77720
52400
21353
80601
43010
90221
30110
71679
55780
30692
80928
89120
74222
15682
95066
57359
77888
99853
20252
23239
84077
56193
34567
48337
62340
86011
69269
98755
33846
95431
71581
38562
65243
54659
62628
14532
88712
92029
25774
16876
36234
34723
49430
88561
80885
91751
27250
47378
69972
46983
83546
26171
25191
62934
79600
21963
94497
12652
18237
63487
63714
30202
53816
29721
22369
41441
39137
21897
38651
81265
92601
48964
32294
32713
68017
92299
65669
33653
58667
23298
98428
91197
16665
52531
80909
87133
90822
37417
64754
53325
12336
39856
19184
81876
90144
75536
84682
41476
57994
13604
31992
17131
10120
33631
79598
43669
40038
71662
50963
53879
11652
19376
20429
50795
76499
84103
71464
18768
14627
97999
88481
15884
67970
43491
14646
51137
20425
69931
20282
47033
74681
22458
66967
22240
95657
61368
53439
97233
98100
30908
78031
25629
77688
84665
10685
87722
93566
99548
41465
21947
76048
10010
30992
33143
48931
67627
12622
91442
83430
78983
44101
69598
66033
67668
19641
54512
84582
32127
45766
56011
43626
35773
65391
80829
33768
31969
53302
53568
76953
34538
41827
97224
16269
60412
71136
90331
46420
30166
18090
15291
81569
74154
27783
67472
42181
24083
30593
54009
29547
42527
67475
33873
46369
63496
61859
49300
79057
64644
65000
52968
26559
30452
43393
33548
29046
55202
91149
25613
94633
39410
94515
70654
82802
79276
69656
63582
32582
19309
85326
86183
62767
11860
34541
39574
42210
54793
75683
17267
11840
48936
45382
71658
65835
86380
46273
15674
98320
46896
25115
99758
29995
71811
57314
79604
31084
79284
48052
35981
93805
39346
89903
39824
73272
42910
19064
71647
28131
37077
34864
21199
92952
50375
52130
64969
45341
75088
85936
61337
72316
63663
16377
85073
32168
61821
18047
95133
53433
33510
78782
76815
28593
73862
54013
66700
12537
10585
98529
98070
94522
45036
70853
62506
38451
53580
31861
12585
64813
83308
97774
31743
46935
48985
87284
51353
39468
53956
80428
17963
44985
76264
31652
95635
83558
14893
29950
76421
79126
61394
61216
85438
79829
66601
28138
51542
11557
35709
82288
86854
74619
99643
17337
72924
74788
62453
60607
36276
92062
95183
17243
69486
27218
37162
26171
44862
66590
46790
98153
21574
90470
90474
79727
16528
65217
77151
42887
61996
52001
70716
42863
50033
64093
55054
68616
41717
67141
50443
82265
41470
60994
16098
35741
54653
17377
87064
72381
36709
24841
76887
36381
76407
88576
53958
17228
81569
60661
95991
24896
12781
45326
19033
14794
74223
23857
74747
97231
92957
42329
48410
49140
53145
26783
22265
53783
86678
35471
68612
74861
40946
24524
73583
99446
91512
99361
76828
50363
44672
69817
35269
83440
45910
14652
61204
26001
44184
57365
39098
80385
77667
48165
90200
68006
81595
90894
36899
99689
44875
74396
49546
97891
64560
21894
60790
79864
73716
72193
16290
54017
32637
67273
37405
95674
68744
34215
90032
75137
85277
85277
61313
42169
85571
84371
23521
11799
28682
22450
88143
70645
45815
69655
60486
68890
96874
17251
63406
80734
19814
40712
59274
54583
65081
35342
62124
27485
18897
93677
90882
18875
19518
15180
58584
51943
37564
31518
34847
23031
67886
53456
59172
10039
72570
43312
38700
76291
45610
98709
95920
13088
98947
14646
43285
17448
82071
76606
95394
56311
53236
81077
23006
15769
90439
51446
57352
22817
36217
99547
72072
86289
13965
90518
43705
42271
71332
34472
27275
90711
30869
71925
52662
20646
90787
99672
28957
91457
75725
24466
74192
69125
26749
68271
12083
88224
57302
74431
82961
90645
39847
48721
32406
24569
27186
40240
39472
62460
12216
45355
45409
24052
11025
66527
83492
64943
72543
36102
43771
39735
73486
91208
18810
64407
37600
91848
84910
10418
42392
39841
69097
60517
87977
94447
61535
52167
36861
50706
33249
15776
74802
29169
30243
78409
14456
95995
96974
45862
14444
61997
61704
67858
29443
57318
75991
82357
14451
33537
72397
36516
50346
85906
62923
22542
98964
88378
54260
53379
48330
57449
34015
50444
66960
37144
98246
89152
43216
17867
22470
61807
72002
92563
69231
26957
83856
58374
63564
68080
57186
36732
94958
77852
12827
12381
53495
68627
95758
33987
71068
28839
33027
88482
48397
24922
15051
13438
36451
14353
73126
83414
91157
41426
43493
73134
64619
13994
92376
99439
56284
71472
33087
51079
88859
55822
82763
98696
40241
61296
54743
10006
42123
44516
29147
63988
15497
16135
43795
40877
62288
34965
77719
27865
17361
77973
41921
30898
98587
68797
10796
22824
46464
51103
99254
56561
67469
11116
70566
72987
43123
49018
56923
97940
33415
39552
19506
88571
84768
92842
13651
34486
66213
46444
66004
32690
22514
65763
59848
75920
29515
27068
18728
29784
83022
15684
84487
86730
35381
17741
79163
22707
91432
12767
89649
59989
69462
29976
93227
16183
76224
55997
38004
74845
65578
27296
37038
51838
12199
48114
58444
45392
51645
46270
35021
22219
17024
41418
41617
22217
35581
58678
68792
37379
72077
98821
14601
28383
53854
96612
79585
84856
50528
71669
83740
20565
64139
11343
34530
63953
34369
43465
10008
55279
57401
48445
58188
22286
68666
26316
61624
85522
96598
72194
33744
25642
54693
29460
45865
80094
55853
33973
42706
91146
61980
19435
86724
65046
38875
23284
15615
45300
90371
32411
89917
66985
30873
70119
97512
28944
40379
34926
38145
90312
20948
70789
51235
47608
54461
98649
10435
50870
45294
18663
91554
65025
32451
73283
44725
62155
21693
82071
47990
94737
94875
86258
37234
72517
13088
26663
22721
53438
46609
85861
67346
93656
76242
11309
14268
76060
60107
48929
69716
41144
98482
87736
72191
15091
64500
62295
15457
34039
73235
27598
32791
40294
67144
44094
48895
52694
88847
19929
71026
51649
32681
48262
39316
47947
86466
13782
89326
54393
70952
67446
60766
19014
39757
85269
27394
20383
24837
13944
93458
96203
76198
86530
78470
25714
41861
35696
33039
32824
22857
50640
43087
36212
48800
38820
43378
55994
61737
78946
38455
26990
58395
75361
22241
78734
94269
14207
53466
36480
33917
21657
31882
67877
70675
44994
98408
15097
55692
49987
41825
44710
71466
88847
82835
40865
45004
92122
51327
39745
99195
41935
68577
52312
16531
72124
96334
11353
79122
91484
82121
93216
21210
42625
14569
31865
36433
92888
18697
74049
72438
66548
26245
91323
74616
92783
36675
39504
18767
49032
74654
95623
53226
46055
97118
73985
50323
99975
32314
73195
83864
72157
79999
11332
31063
31489
56887
46938
11839
47817
96469
17809
69559
20777
65124
21051
47331
61428
71729
39751
72658
52532
29022
52053
90964
19558
83425
66163
27294
90267
11516
36540
29379
86705
69438
52130
45278
83157
25027
50970
51887
82236
28781
81903
80200
79754
46522
93713
68290
22816
44513
23762
10514
42017
50723
62251
91856
12039
48395
18174
38103
80580
59760
20692
65947
96872
30686
74181
27892
94791
73762
38547
16164
59517
44103
81067
88388
85342
87680
79219
20456
41522
93661
90558
18573
70611
53310
51979
94027
27327
79709
63926
14795
48301
59980
41456
69651
65660
29143
21453
37172
60112
26123
68080
23457
21136
26801
57546
80348
51850
64406
49149
56456
44187
35922
27225
15354
81422
20379
39494
17329
11484
21766
40526
91075
66824
21928
31513
31144
95599
86204
55322
53864
97981
71559
52809
96189
66103
38174
12394
66172
41568
81053
28013
17094
75522
24652
64437
93352
79412
37903
41974
12353
70093
96378
49356
52657
46660
26106
85582
39902
63637
88117
48239
34082
99001
52910
78352
17922
85927
40333
71399
30185
48688
15604
27219
24755
77727
54549
69321
13185
68898
19510
66840
77004
46698
39200
53111
16772
69997
26237
10153
39714
59634
65777
65923
71679
33296
99771
91758
65748
56377
45395
87972
81847
81744
77730
20040
17212
30330
26136
44175
12511
44577
16204
67634
91360
59505
74287
89734
85005
13978
92118
29904
76647
18315
95685
53793
18642
93319
69073
31743
45559
66271
27086
14810
99452
96356
21501
99712
78883
67769
24608
80849
78439
39489
72580
52484
66994
74010
91516
65162
52037
42637
44988
60673
49062
86588
30629
48868
95635
89302
82900
20412
44117
40885
42351
96020
82370
93782
89290
72054
59664
18948
86527
96201
96321
21967
59543
57700
36541
10536
57100
10556
92004
70110
38125
81247
75007
70106
86870
96854
75353
24131
33688
31259
29762
18400
23048
99594
85099
33273
34895
70059
59374
70836
75574
33828
47619
40755
48548
20307
99272
83100
71844
35827
64965
96033
79855
46851
89150
34670
65968
92853
85329
30696
68200
67574
80946
45511
66282
42992
98083
22758
56606
36286
32877
33685
11906
77242
32496
31974
66518
11631
17180
31037
12342
52925
71033
15565
31394
55086
81044
38472
66745
49868
59468
77880
56838
50563
43318
83785
54551
50577
17689
36201
89227
40352
30115
51979
26851
23964
65843
49279
90366
82266
10449
79793
47220
56464
15621
84318
43951
52602
68351
51860
84607
26618
31946
87804
90797
17881
22755
14583
82383
36676
83151
25847
10533
56781
99683
96536
99623
54377
44406
84999
37903
31752
80181
68358
60489
94970
26568
97064
11036
11185
17602
48703
47971
21255
53536
37979
36852
22828
33074
12848
92194
37882
55006
84507
21696
60097
98115
53031
98621
49924
67400
59655
34806
98383
51668
96031
80284
67583
76693
95814
44765
51951
12507
69227
20701
72089
93222
55865
26839
79506
99995
58738
61048
19720
49708
67073
73925
71439
55587
53271
71675
93791
96153
32594
85251
76092
76276
99904
75398
32346
97560
99629
64408
30193
76703
66704
17761
82133
57115
51777
16239
45085
89400
40433
20299
37733
70209
79913
70761
76733
48559
30202
25141
25777
46674
60391
90232
60594
83249
25147
75594
10729
68926
26379
87293
67716
72256
88109
78638
26556
82103
27659
52682
59617
38703
64712
28103
57500
44948
93530
76617
42475
77868
93736
38274
97071
71703
60209
91508
49352
22518
98624
10146
67041
85527
99063
61214
83036
81736
99832
12209
37600
30173
54642
54843
48124
87432
60260
93234
66191
45947
17264
78239
51004
70368
25414
77772
32431
89913
64022
66073
29310
78958
77060
13243
63341
63084
38071
41779
80571
78454
29219
54744
79213
43599
30619
90922
37790
36117
53154
36814
92487
53349
74209
64701
39170
77208
21264
93697
47921
50597
19663
33181
57646
33833
88031
34693
79453
75017
48624
31909
11245
31559
35440
45554
96898
75002
56469
48578
88611
30376
41345
81112
48349
13798
87351
65850
28377
34722
96440
74725
73817
17357
75331
53075
17653
51824
89607
39657
56347
23666
57590
79004
90556
41382
58140
89554
38431
52404
42521
17441
24840
31406
36268
97183
25455
43361
44324
70506
43018
68810
82423
60197
73931
22633
31081
14343
79088
97567
98915
62048
71636
58986
38991
22315
87715
35517
29140
28670
47636
23649
99752
97801
39567
11520
85728
41002
34585
29455
81553
54223
52638
53195
97270
51434
13452
59873
20636
22513
39726
90485
41812
90352
12055
66079
17310
56273
15526
18598
52791
43688
35182
67850
39889
47158
83182
43497
37736
26877
70460
30760
15726
34182
56954
54540
22036
72096
23112
16801
93609
99237
17882
53841
35736
65094
63787
65795
38791
63750
85443
96411
44201
75350
98743
42485
27113
93779
36327
81783
20917
32783
97398
29629
65268
73296
78705
72155
63580
19124
51695
76505
30810
91922
13541
98607
29832
10562
89611
55751
89343
73880
74969
45674
55609
26801
48726
13166
20185
86791
53299
79849
89471
15814
19958
61820
21658
85181
59406
56820
20412
12186
14952
97094
31533
64181
66819
38876
57203
67341
49827
80530
15106
54727
24644
62250
38116
70326
45031
71222
83489
63729
43245
83014
45834
37673
33714
30663
27188
39286
21687
45616
81986
28765
24161
32526
70055
28831
38941
56910
66032
44859
70450
49620
60733
90686
83544
33392
37156
57953
54681
20270
45345
47161
67980
78127
59497
15561
39865
42997
50213
71897
43877
90077
16244
92608
82878
74948
64087
29840
31565
40242
39763
88542
90215
26432
47785
58232
45705
95742
99990
22058
58125
42675
47025
47959
46889
43272
90731
38609
18922
80480
77967
96092
44212
84604
33193
12162
39037
58740
68394
95205
92769
29579
44986
94566
68142
88433
87117
42252
98852
54046
51138
77415
69927
54295
54989
49882
42494
60687
29668
73026
23075
41952
34441
95084
45002
58711
21121
99137
43744
84501
50923
28200
15061
42041
61482
46436
61066
34232
77391
27639
13897
27722
68212
38123
80960
41983
46779
28656
63441
83286
48778
82536
30458
43565
58602
60505
72987
85924
27141
48533
74038
57904
10241
81335
52129
45092
54352
50253
61365
64287
59423
16391
22375
33858
68257
97307
25224
41166
68415
34895
58041
94552
39525
95909
47002
77941
99742
17193
72319
80297
17980
11382
78361
28374
21252
72390
72778
65764
69059
84839
19640
33644
98288
69098
82127
58247
82375
84505
56414
40421
31566
33483
87762
92474
85165
75230
45492
38548
16650
73762
92620
28187
29106
68088
80568
36979
20938
65003
60086
92370
44635
49339
56429
47532
43124
95975
94653
71544
73728
13145
29371
80299
62459
34882
65118
70726
55824
14425
23431
83992
89645
11717
14159
62092
11305
66150
83629
22617
62078
26868
86165
53024
63075
11924
91396
78483
80685
45208
58414
97577
12138
82948
40160
50495
18601
99530
61064
16142
15467
59960
86965
64957
65514
37952
70639
22605
23820
92272
95789
30727
69044
37736
27541
53706
33297
27209
88688
97663
29485
47614
32896
40205
49730
82122
34045
57686
45945
70094
42250
62082
32004
92510
43916
87701
75730
36175
98152
60015
94412
25406
46724
11089
44367
36931
99134
75700
39989
11006
80319
88833
67981
80697
53328
99317
86502
58722
30054
48947
27822
33393
78136
30261
80414
70663
97721
60936
88979
92537
20303
83107
74877
41103
92655
28554
41488
42605
59896
85556
50120
96785
98484
93070
40719
26396
92523
24072
72802
30191
75854
41167
39286
48467
44049
57054
57162
97918
99045
23853
57516
75846
24281
91055
24315
59127
86613
60146
29614
55113
71244
60396
75922
24927
68077
81980
86232
82757
91240
50348
28675
19320
33367
97536
96804
60358
24319
78869
69710
15648
63703
77480
65445
22790
52427
36850
50672
75623
76909
52302
51355
19711
91657
55112
77886
21398
16658
29519
12317
86487
71137
86040
36473
93791
37445
51069
78215
53103
76648
37172
55523
77791
21595
91094
33788
27655
35135
81265
86012
11330
14858
46652
95103
14256
23277
16479
30042
54714
52605
54768
53866
55995
54353
63364
42837
41577
66693
40658
74126
14758
45903
61168
70777
58839
78515
34177
86626
12464
36166
29961
13084
30913
48802
88180
84373
51906
45238
52829
39231
10076
85700
55903
87744
92918
27910
14506
26196
17767
52165
89796
68143
19968
50153
23222
55499
94069
82653
30506
96144
43382
66475
91766
47270
93886
20012
91124
99724
92305
67134
42206
43995
89975
33128
26867
12574
84231
96226
97127
70297
50424
75241
23993
93170
31893
45096
53513
95250
74703
17709
27555
10149
31860
97497
80604
79168
58793
14892
73162
93768
61013
17703
11628
90724
71054
33420
51598
48199
66480
68754
93976
55133
39415
21403
43268
45829
31205
33586
43504
32975
91271
17037
94002
31694
76817
54352
39006
51603
82526
61799
46894
65735
11700
66965
90623
17208
27345
48118
38476
23469
89663
96039
92206
71187
76401
56355
30804
12473
63962
54011
12189
84190
80656
44215
48464
48770
93433
87863
72915
84939
14578
47783
52021
80151
29425
85651
43602
12371
49868
79428
46345
72703
42916
16438
52202
36790
50808
49583
82224
49474
40475
41145
42081
73443
73541
12838
47548
66845
37028
99405
56181
94297
43647
80617
30338
79598
19938
96817
67342
45724
29186
89163
94002
40707
91489
25679
78072
30561
63011
78457
73804
74675
12495
64215
87137
55867
91069
68077
79970
60139
30221
52079
74392
72056
82430
97893
44191
80451
86873
75773
32330
41039
82665
62258
75010
19474
73234
34843
65039
14526
18377
75963
54902
62844
34605
72528
23393
93104
32953
42186
30536
45027
68787
73938
93084
67735
97290
13908
20236
38314
17656
32552
37378
25905
18343
47551
83641
55058
31367
27833
26812
60680
12971
20917
44480
79706
63316
51553
71517
96543
41646
43742
14810
65668
41984
21160
97145
60567
80537
43905
27652
17034
55066
62372
43998
88988
52397
86386
58673
98521
21086
78258
95297
38859
47996
15812
67604
20855
57808
59227
24577
37089
13385
44613
83401
59818
74286
21592
46193
95957
99909
32137
23250
77066
53610
31449
19098
99866
35764
41509
79097
48141
48040
69598
37095
41334
80609
82413
82471
69840
36417
30195
46184
34704
29974
85663
46913
83031
97412
21025
86463
88964
74455
46477
63521
68975
23992
88763
58106
94252
41190
60661
88527
43155
59808
79599
82873
33237
62441
54757
21206
37723
32657
21225
90278
67309
71079
67662
92135
19579
57743
86078
61051
33684
90139
47693
17547
30813
66806
96660
22945
86599
16782
27205
38386
74025
28671
46119
61057
49170
10063
96745
86303
32646
77598
61317
30113
53059
64639
61716
16746
82629
19310
59812
35801
95260
20786
78621
58350
33744
82470
60494
22470
81783
95360
92796
60539
51627
79210
11260
14700
39538
66473
98768
19793
71295
61424
26817
54357
27618
78130
32588
60481
66127
13489
42832
84483
46459
51076
88820
72955
90907
74568
80555
39776
52958
86692
24969
12459
53797
82811
74274
53041
36282
54741
61128
16739
87584
88653
53218
52217
94839
53488
62103
62807
33804
56085
85581
76145
95912
12276
74214
63610
60544
10606
18824
47388
37763
42786
75845
63567
53411
54349
42475
25853
37647
41195
49956
19566
43979
98690
20165
31406
55176
40971
76672
69168
64341
99377
69897
63989
35444
42142
35232
37373
16881
12161
35278
80091
73375
97817
78080
74406
60554
74476
50374
99121
28249
26877
26732
77731
82374
15217
76785
42176
60127
79879
76000
96519
50415
49050
10842
15251
35107
67736
91624
52975
67216
52634
14259
71253
66917
20150
70540
64395
98227
42657
92432
85932
86545
76321
80027
48835
99240
11215
55827
26088
81581
84642
41755
47957
19971
49597
39472
20282
35449
99370
30867
28560
26200
46339
52767
98770
23339
12940
89644
17275
26776
18133
54513
51331
87186
81819
20095
24149
77018
16055
41994
40720
97658
64037
40451
13163
27986
19174
69491
26035
35437
58651
68068
23643
79471
97400
19116
40582
27148
69771
66741
62375
96501
25843
42084
36042
27434
69404
56827
65659
20926
83055
77421
67818
47478
27030
90492
91174
89607
37903
93173
18617
20330
29297
91122
43128
99789
48770
39702
29224
16920
25148
69948
95242
17676
58018
43047
81837
49196
71519
35620
76326
78648
98241
89386
36533
62731
63728
50546
75198
41771
10832
62945
43053
33444
65917
88034
84436
99734
69244
43922
95741
30569
44183
94117
42626
49066
21499
48365
48219
11301
67173
47459
63591
45672
35104
23015
40680
87612
68128
93985
48630
99996
50180
66301
52007
24833
91583
17950
89008
16967
91690
38442
54440
56782
39804
55135
21076
84439
68202
69869
48641
46513
33417
96401
21669
96757
45805
52991
58555
80302
26665
60438
34392
55336
45022
12843
43557
40875
79175
21128
51033
94654
41690
81689
50380
31067
56934
83464
46938
20431
69952
22162
92511
89186
50005
55162
58003
73186
98948
44977
23491
65687
21129
85807
55608
20946
90507
77419
42530
42727
77132
44996
41982
70581
39615
67904
76463
36408
54628
71681
77920
78347
48279
59187
79406
72830
82879
55171
17175
98641
24951
63354
74076
62760
12362
65409
59070
68142
78680
37611
22188
60608
61291
83542
20297
78378
19346
49518
62524
54173
92900
25496
10358
36320
36895
98476
15885
95348
88459
65292
88376
34235
10255
22443
90148
91995
90566
55883
22680
37593
34144
16796
93075
16680
62836
37166
43141
72627
12154
38595
81951
86996
86756
32292
54281
11879
77861
84336
64713
56653
90268
59844
89083
15319
49836
30853
33641
16460
45963
41716
62695
69025
97262
31464
37340
80168
65243
86559
80554
83829
92535
11518
84699
10262
13651
42124
50534
54409
70034
54864
78293
88804
38319
88967
91635
90428
65806
68630
23570
39201
77553
95044
31860
57876
15183
68253
43891
28998
16229
63471
21609
90335
47525
96109
98971
57997
52723
46269
69860
45058
65328
58394
21560
57580
27380
54472
60968
18764
43996
42626
95950
59859
74885
26812
32715
14280
73560
86268
72181
11854
43966
58187
49215
80098
20020
85260
51335
78917
42526
77407
90203
73849
90151
29187
10163
48475
76408
83808
17930
45860
77452
60460
81935
69871
65744
98122
24457
55326
22035
82432
79610
82969
56544
46569
16197
82989
22223
88315
39268
20960
20215
23310
90820
70815
82846
24659
48959
88017
67825
18134
43503
88880
44034
96418
98943
60933
15470
43568
17385
42545
38357
67678
63619
10174
45624
17099
25817
20714
64763
71061
64486
27670
53930
94125
16495
80892
18722
19836
71848
40458
70854
55414
40413
74276
52971
98484
38424
25215
97581
21536
55067
13238
37094
75656
37649
52289
22329
96721
43187
17959
69413
73379
73178
24378
87927
40290
64390
70154
44619
78146
55907
69715
38096
41522
29121
31271
56070
12144
84115
12922
34687
18018
86458
58876
56272
35502
52428
20347
30824
77547
19589
97755
48366
49211
10804
71517
88180
38243
29628
76070
45737
77655
50508
45847
19533
27080
81742
19148
12569
69219
47201
67792
12082
91570
25236
59214
69620
56125
30639
27481
54235
18554
10430
61790
74755
14886
14765
81407
53782
58074
80269
73012
22905
29111
49172
12234
33550
60868
24659
48623
56286
77922
58847
35521
46682
43699
31402
17240
58005
64329
82940
35198
26247
68887
93654
84427
41026
61727
45919
91092
58424
94354
48426
15961
56691
66120
97595
99456
59587
78043
85635
39708
55625
51188
74282
20922
37457
98117
55580
17707
64241
89721
93684
53115
72477
50077
61902
83254
17126
41010
57846
10507
91047
50798
15222
87032
83360
52798
53924
80469
44330
96495
54954
42009
83628
57724
58338
74237
78156
69637
69019
89310
20631
72724
36331
50962
78578
66728
42722
92637
89625
94801
15190
93363
81997
16055
90663
31652
38467
41772
50617
66910
29761
51106
34382
25429
76788
80138
80861
51736
29650
43122
78157
69953
51428
32764
88840
36092
83999
21774
30461
68532
93714
63666
54190
10192
57488
45588
96372
11568
62444
40194
54508
85981
63362
59072
24464
16703
94517
94662
49525
86412
57275
55579
48569
62396
51962
94023
68099
33341
62271
26492
20318
66703
45767
56171
16968
83449
27476
44989
72107
92183
78867
50469
55478
17637
51323
51080
68089
29692
97617
50702
96559
27951
89124
86383
99440
76452
29066
52288
41975
66334
68592
56221
19822
61397
39032
65905
55692
73114
76420
61270
73488
40766
20534
24071
67584
65206
79317
12904
43006
62777
66532
81883
97329
80585
41413
88378
40649
40048
43699
52954
75304
41692
18169
24150
90721
69580
48882
35310
38485
97084
81670
63603
98763
31488
58985
65436
32648
24282
36980
43180
72650
18236
34568
73281
69953
52551
47259
94276
25544
51132
50754
21164
37927
48715
43738
67960
97873
30854
30606
33412
67769
43406
79298
42147
17134
38822
61660
58283
68614
47336
55450
63915
22407
42811
21660
62245
55742
76740
86145
79039
44162
93216
52392
88889
50521
95822
54525
11875
99081
18245
98562
47986
50524
48532
56816
44023
75902
64402
67251
31635
47599
30838
95873
68873
31121
94853
21213
93945
61334
56440
28109
63442
30162
40327
29039
40009
45858
87008
27961
27659
60311
20073
65983
73211
73165
38708
96119
39718
31327
89303
19901
90613
25792
67338
72072
81575
35140
48971
25352
43034
64351
30747
42449
24181
35917
39210
18239
22160
95640
16744
18772
73292
46857
21928
82193
60389
37686
20248
59360
53513
11044
67355
45362
49152
22511
36613
14148
23709
99911
17452
33524
84291
15517
64203
85836
81688
71575
87684
75314
21806
48136
38652
32912
10325
50447
82621
26665
59222
79421
28907
97233
18304
66819
52591
97239
16646
93065
38549
58002
16106
24651
36346
95896
92501
52748
23483
40484
47155
80241
48968
47923
49608
89775
83515
47607
79285
93596
62738
10576
11257
73099
12622
73439
14098
13428
46208
59072
36873
52113
34246
69012
19125
66006
49771
47593
35661
92798
63271
58037
95768
40805
41301
74430
81128
59052
20980
19830
21602
68854
76827
95309
43959
35820
81937
11803
85655
12978
19074
56149
18746
46328
86522
23513
91883
84792
88070
44412
17840
12207
15342
47944
34355
45967
16458
33210
32713
50217
74720
86513
99585
88921
58347
41090
68777
66436
95532
67210
70918
82102
38147
66564
95727
26323
46914
73855
62607
21214
28278
11523
21453
72276
32948
55016
97073
52517
66183
23232
33451
61162
97341
54706
18102
42658
60051
78211
15201
32536
37945
86187
83527
71405
42036
71075
99459
79690
63823
47891
49877
72526
94207
86886
22063
44703
89452
42417
27260
94330
57846
79879
75118
88826
99895
40673
22299
21221
82120
58479
83615
19332
83233
73817
54384
75211
70475
33461
14557
80557
55872
85217
43225
68030
57634
59816
82026
29070
46987
56371
95254
32082
68063
80746
14079
91055
33066
49777
26772
49776
23670
58959
38273
63087
44232
23265
92991
86197
60587
47234
35526
67700
27769
25978
46953
56811
14878
45099
64609
50658
67986
79461
57340
20532
80735
91359
25474
46612
21914
87427
63570
31974
77088
72737
10513
16154
53831
89514
53259
72493
72501
29519
95462
99714
55382
42978
53083
66695
55673
14183
48805
71020
68514
36766
22479
55180
29441
66217
67247
77362
47748
91024
36364
18283
39521
24952
46298
79175
96304
90858
39897
35750
12679
97533
53066
76103
95756
21252
31743
28534
38809
69976
90235
10235
69476
95460
38387
87158
65825
91960
46764
77011
13952
80573
28017
61375
30378
39415
28106
49102
62154
98738
79518
69138
87914
64886
55758
74728
93150
12876
86797
58083
29593
28478
83633
29682
35056
51505
62004
46293
51372
79444
26229
23708
23325
94376
45841
95954
88679
69509
29255
84575
93460
53690
24676
15895
89147
55182
53437
84340
24478
90421
87945
93923
16341
46216
40719
20876
14910
40253
13833
60577
26913
63397
57373
49694
34961
46425
84916
97370
83110
58301
81691
57853
48215
43810
46789
99831
90007
23438
30983
10837
37260
93208
71419
99927
63956
47217
96228
13230
38304
88274
79324
98441
30653
89077
42857
91180
12754
61548
58617
44946
96425
16970
39980
40567
94625
53600
84761
41825
92955
61269
73672
48987
46908
97493
68633
85954
20438
37297
12062
97822
93658
74620
59390
39854
15851
28810
67886
86209
96446
23001
30008
31898
59684
67967
61822
47487
10656
59488
63930
31566
41491
17570
48009
98994
48511
62398
24804
36481
95343
17659
86868
30487
80778
79650
50748
65495
40131
39672
55374
27610
94884
20254
28424
28430
32932
39232
21513
63345
72112
38537
20353
50710
40440
33172
90873
24935
16566
98857
37803
25499
25675
72136
50667
20354
82523
99842
69875
38556
67996
33077
40429
79306
43513
72962
89487
34644
78624
24214
51135
77537
94270
54997
76542
43096
24015
59289
97759
44628
18259
29540
74479
33954
36267
13224
40278
90844
62441
70709
59359
14243
78513
35163
93273
34692
35341
63672
10820
93390
15889
16992
94303
93474
34871
18345
10480
68177
28511
56846
90938
26117
58813
48306
93822
18251
12761
10872
67470
53940
89745
56491
39558
60231
58671
39426
79575
45013
11108
91839
62523
76384
24702
31170
84694
15941
62837
31028
32785
19300
66951
71822
13864
41552
25773
62243
45268
65747
87634
88770
28593
80262
98251
31375
47657
81514
84409
97869
27981
65210
97044
96433
81351
42371
76226
55993
89867
82795
51677
79955
82237
69803
56731
85130
26758
98712
20437
16774
51983
14423
79841
27980
57911
96044
22195
82777
97607
93045
33577
51857
39144
55650
40520
91866
71993
14838
62156
16873
74581
49908
17331
30278
66984
84633
81918
76995
29117
38246
86237
54173
20494
74394
10685
97934
34318
42006
13051
40232
28765
69762
87832
95686
35484
25689
51843
94058
60988
41044
40825
86289
42932
33891
93664
57309
11204
25512
66203
47220
49248
92751
90561
69342
40795
81050
37508
68655
61560
22571
71986
36242
52054
19086
84008
96411
50237
96413
53452
87331
33316
36487
91039
70432
17706
18894
83021
11529
71080
34287
70134
68858
75251
90327
50734
65396
63639
53847
38572
23981
28934
57395
30107
14229
44619
22616
68402
21530
88901
90221
44199
55518
49896
63606
47997
33689
64636
29841
93163
51091
32109
89997
89360
71706
61628
18102
22549
84960
99154
56520
16714
72817
30111
80771
54524
54479
82268
83103
41576
70838
77238
48016
72846
59343
60790
81765
27869
99682
23906
55030
69148
79631
84616
80275
22785
26855
42109
77333
38593
30672
91024
98318
39473
85939
67706
67325
23638
23838
21715
45774
33201
29540
50976
95664
24447
17042
56948
99705
20418
71005
35734
56162
41716
47768
79455
78858
94388
41473
59442
81255
56830
65258
14161
99226
87091
94535
14827
34044
24790
17252
60052
94352
52366
30767
90039
47694
40255
37044
32133
50059
28079
70180
34547
24428
16823
80482
80616
83918
29262
38053
57894
99935
59467
16373
69160
69560
94440
74609
40241
41343
20085
52429
43495
47836
70586
65229
56462
64209
25194
61727
32791
56047
10236
69048
78167
12386
93237
52064
72415
74885
53933
79526
50040
87917
59254
33405
42857
65034
93043
71856
34596
15172
44126
31795
34409
96958
53606
34032
54676
70007
81609
12807
51359
92489
31985
73695
17888
72549
54635
16092
25368
57394
77671
83368
70416
42440
46928
61536
78114
43536
72665
67423
86823
86751
15711
43379
48098
91629
47491
63601
70170
77581
65054
20929
44656
92849
89183
29976
29272
18017
56471
17028
99918
35161
44730
28015
42432
57921
51925
63412
67224
74268
78950
12863
65319
61123
87724
27050
87860
99473
83086
37251
10021
96793
84240
97738
50028
31937
76396
33598
97538
88059
12268
46022
11454
63902
88718
30824
23012
41497
80753
48654
86697
15034
39615
11848
70440
17469
21224
91905
94014
88989
24916
64249
89124
18353
85891
81178
94979
29678
44665
39805
27564
54257
83490
63992
85984
75694
86755
13586
27320
31655
18428
20838
48587
76313
56054
37526
85173
54421
88238
70280
83148
71393
34874
34647
86073
57266
39349
33396
74367
57358
72616
77669
53703
52654
47898
97818
13482
24778
84705
81092
65153
73543
71768
82087
28079
72798
58643
35151
92060
72884
14461
43010
38998
51238
53157
16188
79031
40106
69120
13118
60009
56772
48423
22979
41634
93945
45582
73461
86069
94714
63383
84639
80391
72803
34779
24470
75203
74676
12780
82337
48272
59298
29631
74336
31970
99343
72221
55533
47781
36955
96567
36585
35331
99729
15664
87102
26609
67096
94170
98628
84554
25877
47703
78089
80515
87994
45173
26542
62603
82897
33532
39477
46492
61939
60328
18457
54379
15693
98469
62886
39239
92909
47826
20727
79914
65874
17156
77982
52674
16365
52752
62357
59146
55355
70053
40752
78018
10708
92371
26276
23811
26075
20875
84259
71497
75026
77886
18901
38033
26485
77246
83339
48813
60201
73632
69525
95534
23129
23223
44784
94314
27019
20499
32975
72345
19824
44631
70932
67144
37938
59432
53311
59385
59528
55281
23175
59384
24630
89803
73007
52554
46760
32402
79516
32206
69750
57144
41612
57795
65456
15987
24681
51435
35326
58488
93873
29810
37072
14511
14032
96699
11718
22705
52235
39709
95075
14287
28381
37852
64026
89771
92140
76754
69253
91840
57114
37026
53542
55067
64219
21087
85314
78488
87684
70566
49694
37712
48860
80470
18490
54708
36317
31818
79404
34657
28152
34943
26293
87316
80045
15011
18197
97260
80124
62245
34222
87596
85952
17290
86180
63126
54225
27386
52796
45173
87170
78863
41561
18199
68367
72149
57660
96654
61802
15866
74439
45267
29587
86981
45484
21942
39772
21677
49130
51248
48486
13803
76763
13642
32939
94266
93764
16259
75468
99794
24560
65291
50642
82423
61008
94584
42481
14794
51156
88308
54720
55203
78007
67550
18804
72448
61494
21740
31393
51534
63929
30929
16088
30141
99496
75886
97871
28427
40372
79703
45923
19886
28773
81398
35887
25456
55765
50907
44704
88634
31909
82617
99724
30516
38650
82462
35190
15681
59890
25105
47894
19516
16824
88931
23997
81838
20528
58444
46506
35971
83542
56623
76973
28875
44356
74350
90146
90056
36285
57757
21871
96029
76644
42284
68297
51796
48130
79206
73816
23349
49200
63516
48741
83036
30118
24886
55050
44052
82052
72404
72613
66223
77834
92905
18396
91189
39525
78396
27348
95426
46607
65521
51887
41050
82160
75908
94147
48527
95451
86402
25065
25669
35837
27131
17084
32767
27935
23700
69616
53375
45577
78814
22389
10261
43752
74254
37872
94688
71321
75189
50130
47355
47904
86342
22204
38893
74608
26417
82039
10143
61062
16595
83910
48962
11345
22568
34124
88193
89916
34060
29381
28469
38832
93375
77507
84067
66883
93872
20164
84273
89214
81613
16940
14322
46259
38863
74765
63126
55658
27552
56487
29772
75809
48321
58678
72088
42360
49074
12922
92887
70271
34057
10218
48985
65000
11591
57132
25135
62671
93038
37693
19775
80209
60103
57595
61250
32004
53137
69462
33578
17347
17140
81706
15915
55343
47635
90028
14539
10555
93914
96207
32105
75692
53401
99093
43665
42470
24204
35827
43982
91906
94858
40064
76872
95249
63746
16784
73548
67086
68838
14247
47114
16275
86531
69738
62555
78533
45543
46507
49351
90597
48707
32071
94505
64681
51778
41962
93595
29194
13437
48008
53605
33903
13720
45337
75971
33826
80248
56167
14708
41297
51856
54248
22300
85136
60038
20654
80484
72677
11906
65437
53975
87366
33447
28849
25713
11577
33929
55012
61528
87317
16967
41765
93405
23553
15082
95166
51368
70210
91562
68077
71772
65461
16262
91072
73246
23162
33907
17999
12871
95505
90163
31923
14188
50513
31107
70511
63764
62544
13770
12523
49289
65168
46957
28868
75889
14714
88534
17278
49766
68499
44956
16424
99315
35343
73302
62740
26555
22359
40267
16563
28279
43966
32906
71241
53590
37786
31377
91439
50635
21069
88610
64230
80628
59997
18434
56361
87617
20153
59554
38072
57385
46339
10289
67400
29206
85810
36891
48083
43683
52449
10798
92406
39517
62819
29087
17621
94822
39344
99287
58967
11060
32386
10269
93947
84619
65478
99765
22831
10361
77794
57250
16136
87807
92951
19454
37537
47753
21672
45060
60158
87140
68499
64629
59624
16102
20892
93692
17232
10123
54165
71785
21637
66505
58160
49447
34765
68422
61671
41479
90353
15855
63357
99246
43689
64819
31793
49425
13655
17496
84744
68632
35867
98878
47806
83975
67805
61670
38063
10292
69640
93631
65238
77184
58517
77112
62588
45167
94453
40823
69230
52744
98539
16839
78772
82443
32256
17639
59624
23336
58310
19179
24463
39736
43629
13073
60979
89786
53240
74167
20342
54849
92346
77533
50667
93406
98441
65399
42211
24834
68320
64419
82444
39919
44402
84656
75997
92714
65632
78885
68809
71200
64145
35092
79767
95122
15570
70150
79600
75117
69690
60303
57656
24085
44451
40577
52186
44157
71642
83398
98681
69173
89871
40772
65270
53918
91127
62593
76957
98147
54632
49369
62507
78354
23859
89318
75375
87795
62728
30830
97730
51251
93428
81304
77802
80912
22242
84935
33901
11968
50994
95693
56872
50475
46283
42304
89871
75931
39469
73683
54155
98497
80738
49707
47942
44714
36166
91510
25643
78889
13251
83229
67016
53307
73860
92218
38653
51811
19938
51191
99304
52401
62857
61505
56978
12642
12042
83298
65581
32479
69373
89758
46419
84659
12920
32329
20522
18725
40994
76514
78435
32298
83498
87813
40211